 [0., 0., 0., 0., 0., 0., 0., 0., 0., 0., 0.],
       [0., 0., 0., 3., 0., 0., 0., 0., 0., 0., 0.],
       [0., 0., 0., 0., 0., 0., 0., 0., 0., 0., 0.],
       [0., 0., 0., 0., 0., 0., 0., 0., 0., 0., 0.]]), 'bomb_moving_direction': array([[0., 0., 0., 0., 0., 0., 0., 0., 0., 0., 0.],
       [0., 0., 0., 0., 0., 0., 0., 0., 0., 0., 0.],
       [0., 0., 0., 0., 0., 0., 0., 0., 0., 0., 0.],
       [0., 0., 0., 0., 0., 0., 0., 0., 0., 0., 0.],
       [0., 0., 0., 0., 0., 0., 0., 0., 0., 0., 0.],
       [0., 0., 0., 0., 0., 0., 0., 0., 0., 0., 0.],
       [0., 0., 0., 0., 0., 0., 0., 0., 0., 0., 0.],
       [0., 0., 0., 0., 0., 0., 0., 0., 0., 0., 0.],
       [0., 0., 0., 0., 0., 0., 0., 0., 0., 0., 0.],
       [0., 0., 0., 0., 0., 0., 0., 0., 0., 0., 0.],
       [0., 0., 0., 0., 0., 0., 0., 0., 0., 0., 0.]]), 'flame_life': array([[0., 0., 0., 0., 0., 0., 0., 0., 0., 0., 0.],
       [0., 0., 0., 0., 0., 0., 0., 0., 0., 0., 0.],
       [0., 0., 0., 0., 0., 0., 0., 0., 0., 0., 0.],
       [0., 0., 0., 0., 0., 0., 0., 0., 0., 0., 0.],
       [0., 0., 0., 0., 0., 0., 0., 0., 0., 0., 0.],
       [0., 0., 0., 0., 0., 0., 0., 0., 0., 0., 0.],
       [0., 0., 0., 0., 0., 0., 0., 0., 0., 0., 0.],
       [0., 0., 0., 0., 0., 0., 0., 0., 0., 0., 0.],
       [0., 0., 0., 0., 0., 0., 0., 0., 0., 0., 0.],
       [0., 0., 0., 0., 0., 0., 0., 0., 0., 0., 0.],
       [0., 0., 0., 0., 0., 0., 0., 0., 0., 0., 0.]]), 'game_type': 3, 'game_env': 'pommerman.envs.v2:Pomme', 'position': (9, 2), 'blast_strength': 2, 'can_kick': False, 'teammate': <Item.Agent3: 13>, 'ammo': 0, 'enemies': [<Item.Agent0: 10>, <Item.Agent2: 12>, <Item.AgentDummy: 9>], 'step_count': 25, 'message': (0, 0)}, {'alive': [10, 11, 12], 'board': array([[ 5,  5,  5,  5,  5,  5,  5,  5,  5,  5, 
 5],
       [ 5,  5,  5,  5,  5,  5,  5,  5,  5,  5,  5],
       [ 5,  5,  5,  5,  5,  5,  5,  5,  5,  5,  5],
       [ 5,  5,  5,  5,  5,  1,  1,  2,  0,  0,  1],
       [ 5,  5,  5,  5,  5,  2,  1,  1,  2,  2,  1],
       [ 5,  5,  5,  5,  5,  0,  0,  2,  2,  2,  1],
       [ 5,  5,  5,  5,  5,  0,  0,  1,  2,  2,  1],
       [ 5,  5,  5,  5,  5,  2,  1,  0,  0, 12,  2],
       [ 5,  5,  5,  5,  5,  2,  2,  0,  0,  0,  1],
       [ 5,  5,  5,  5,  5,  2,  7,  0,  0,  0,  1],
       [ 5,  5,  5,  5,  5,  1,  1,  8,  1,  1,  0]], dtype=uint8), 'bomb_blast_strength': array([[0., 0., 0., 0., 0., 0., 0., 0., 0., 0., 0.],
       [0., 0., 0., 0., 0., 0., 0., 0., 0., 0., 0.],
       [0., 0., 0., 0., 0., 0., 0., 0., 0., 0., 0.],
       [0., 0., 0., 0., 0., 0., 0., 0., 0., 0., 0.],
       [0., 0., 0., 0., 0., 0., 0., 0., 0., 0., 0.],
       [0., 0., 0., 0., 0., 0., 0., 0., 0., 0., 0.],
       [0., 0., 0., 0., 0., 0., 0., 0., 0., 0., 0.],
       [0., 0., 0., 0., 0., 0., 0., 0., 0., 2., 0.],
       [0., 0., 0., 0., 0., 0., 0., 0., 0., 0., 0.],
       [0., 0., 0., 0., 0., 0., 0., 0., 0., 0., 0.],
       [0., 0., 0., 0., 0., 0., 0., 0., 0., 0., 0.]]), 'bomb_life': array([[0., 0., 0., 0., 0., 0., 0., 0., 0., 0., 0.],
       [0., 0., 0., 0., 0., 0., 0., 0., 0., 0., 0.],
       [0., 0., 0., 0., 0., 0., 0., 0., 0., 0., 0.],
       [0., 0., 0., 0., 0., 0., 0., 0., 0., 0., 0.],
       [0., 0., 0., 0., 0., 0., 0., 0., 0., 0., 0.],
       [0., 0., 0., 0., 0., 0., 0., 0., 0., 0., 0.],
       [0., 0., 0., 0., 0., 0., 0., 0., 0., 0., 0.],
       [0., 0., 0., 0., 0., 0., 0., 0., 0., 9., 0.],
       [0., 0., 0., 0., 0., 0., 0., 0., 0., 0., 0.],
       [0., 0., 0., 0., 0., 0., 0., 0., 0., 0., 0.],
       [0., 0., 0., 0., 0., 0., 0., 0., 0., 0., 0.]]), 'bomb_moving_direction': array([[0., 0., 0., 0., 0., 0., 0., 0., 0., 0., 0.],
       [0., 0., 0., 0., 0., 0., 0., 0., 0., 0., 0.],
       [0., 0., 0., 0., 0., 0., 0., 0., 0., 0., 0.],
       [0., 0., 0., 0., 0., 0., 0., 0., 0., 0., 0.],
       [0., 0., 0., 0., 0., 0., 0., 0., 0., 0., 0.],
       [0., 0., 0., 0., 0., 0., 0., 0., 0., 0., 0.],
       [0., 0., 0., 0., 0., 0., 0., 0., 0., 0., 0.],
       [0., 0., 0., 0., 0., 0., 0., 0., 0., 0., 0.],
       [0., 0., 0., 0., 0., 0., 0., 0., 0., 0., 0.],
       [0., 0., 0., 0., 0., 0., 0., 0., 0., 0., 0.],
       [0., 0., 0., 0., 0., 0., 0., 0., 0., 0., 0.]]), 'flame_life': array([[0., 0., 0., 0., 0., 0., 0., 0., 0., 0., 0.],
       [0., 0., 0., 0., 0., 0., 0., 0., 0., 0., 0.],
       [0., 0., 0., 0., 0., 0., 0., 0., 0., 0., 0.],
       [0., 0., 0., 0., 0., 0., 0., 0., 0., 0., 0.],
       [0., 0., 0., 0., 0., 0., 0., 0., 0., 0., 0.],
       [0., 0., 0., 0., 0., 0., 0., 0., 0., 0., 0.],
       [0., 0., 0., 0., 0., 0., 0., 0., 0., 0., 0.],
       [0., 0., 0., 0., 0., 0., 0., 0., 0., 0., 0.],
       [0., 0., 0., 0., 0., 0., 0., 0., 0., 0., 0.],
       [0., 0., 0., 0., 0., 0., 0., 0., 0., 0., 0.],
       [0., 0., 0., 0., 0., 0., 0., 0., 0., 0., 0.]]), 'game_type': 3, 'game_env': 'pommerman.envs.v2:Pomme', 'position': (7, 9), 'blast_strength': 2, 'can_kick': False, 'teammate': <Item.Agent0: 10>, 'ammo': 0, 'enemies': [<Item.Agent1: 11>, <Item.Agent3: 13>, <Item.AgentDummy: 9>], 'step_count': 25, 'message': (0, 0)}, {'alive': [10, 11, 12], 'board': array([[5, 5, 5, 5, 2, 0, 0, 1, 0, 1, 1],       
       [5, 5, 5, 5, 2, 2, 2, 0, 0, 0, 2],
       [5, 5, 5, 5, 1, 0, 0, 1, 0, 0, 2],
       [5, 5, 5, 5, 1, 1, 1, 2, 0, 0, 1],
       [5, 5, 5, 5, 0, 2, 1, 1, 2, 2, 1],
       [5, 5, 5, 5, 2, 0, 0, 2, 2, 2, 1],
       [5, 5, 5, 5, 5, 5, 5, 5, 5, 5, 5],
       [5, 5, 5, 5, 5, 5, 5, 5, 5, 5, 5],
       [5, 5, 5, 5, 5, 5, 5, 5, 5, 5, 5],
       [5, 5, 5, 5, 5, 5, 5, 5, 5, 5, 5],
       [5, 5, 5, 5, 5, 5, 5, 5, 5, 5, 5]], dtype=uint8), 'bomb_blast_strength': array([[0., 0., 0., 0., 0., 0., 0., 0., 0., 0., 0.],
       [0., 0., 0., 0., 0., 0., 0., 0., 0., 0., 0.],
       [0., 0., 0., 0., 0., 0., 0., 0., 0., 0., 0.],
       [0., 0., 0., 0., 0., 0., 0., 0., 0., 0., 0.],
       [0., 0., 0., 0., 0., 0., 0., 0., 0., 0., 0.],
       [0., 0., 0., 0., 0., 0., 0., 0., 0., 0., 0.],
       [0., 0., 0., 0., 0., 0., 0., 0., 0., 0., 0.],
       [0., 0., 0., 0., 0., 0., 0., 0., 0., 0., 0.],
       [0., 0., 0., 0., 0., 0., 0., 0., 0., 0., 0.],
       [0., 0., 0., 0., 0., 0., 0., 0., 0., 0., 0.],
       [0., 0., 0., 0., 0., 0., 0., 0., 0., 0., 0.]]), 'bomb_life': array([[0., 0., 0., 0., 0., 0., 0., 0., 0., 0., 0.],
       [0., 0., 0., 0., 0., 0., 0., 0., 0., 0., 0.],
       [0., 0., 0., 0., 0., 0., 0., 0., 0., 0., 0.],
       [0., 0., 0., 0., 0., 0., 0., 0., 0., 0., 0.],
       [0., 0., 0., 0., 0., 0., 0., 0., 0., 0., 0.],
       [0., 0., 0., 0., 0., 0., 0., 0., 0., 0., 0.],
       [0., 0., 0., 0., 0., 0., 0., 0., 0., 0., 0.],
       [0., 0., 0., 0., 0., 0., 0., 0., 0., 0., 0.],
       [0., 0., 0., 0., 0., 0., 0., 0., 0., 0., 0.],
       [0., 0., 0., 0., 0., 0., 0., 0., 0., 0., 0.],
       [0., 0., 0., 0., 0., 0., 0., 0., 0., 0., 0.]]), 'bomb_moving_direction': array([[0., 0., 0., 0., 0., 0., 0., 0., 0., 0., 0.],
       [0., 0., 0., 0., 0., 0., 0., 0., 0., 0., 0.],
       [0., 0., 0., 0., 0., 0., 0., 0., 0., 0., 0.],
       [0., 0., 0., 0., 0., 0., 0., 0., 0., 0., 0.],
       [0., 0., 0., 0., 0., 0., 0., 0., 0., 0., 0.],
       [0., 0., 0., 0., 0., 0., 0., 0., 0., 0., 0.],
       [0., 0., 0., 0., 0., 0., 0., 0., 0., 0., 0.],
       [0., 0., 0., 0., 0., 0., 0., 0., 0., 0., 0.],
       [0., 0., 0., 0., 0., 0., 0., 0., 0., 0., 0.],
       [0., 0., 0., 0., 0., 0., 0., 0., 0., 0., 0.],
       [0., 0., 0., 0., 0., 0., 0., 0., 0., 0., 0.]]), 'flame_life': array([[0., 0., 0., 0., 0., 0., 0., 0., 0., 0., 0.],
       [0., 0., 0., 0., 0., 0., 0., 0., 0., 0., 0.],
       [0., 0., 0., 0., 0., 0., 0., 0., 0., 0., 0.],
       [0., 0., 0., 0., 0., 0., 0., 0., 0., 0., 0.],
       [0., 0., 0., 0., 0., 0., 0., 0., 0., 0., 0.],
       [0., 0., 0., 0., 0., 0., 0., 0., 0., 0., 0.],
       [0., 0., 0., 0., 0., 0., 0., 0., 0., 0., 0.],
       [0., 0., 0., 0., 0., 0., 0., 0., 0., 0., 0.],
       [0., 0., 0., 0., 0., 0., 0., 0., 0., 0., 0.],
       [0., 0., 0., 0., 0., 0., 0., 0., 0., 0., 0.],
       [0., 0., 0., 0., 0., 0., 0., 0., 0., 0., 0.]]), 'game_type': 3, 'game_env': 'pommerman.envs.v2:Pomme', 'position': (1, 8), 'blast_strength': 2, 'can_kick': False, 'teammate': <Item.Agent1: 11>, 'ammo': 1, 'enemies': [<Item.Agent0: 10>, <Item.Agent2: 12>, <Item.AgentDummy: 9>], 'step_count': 25, 'message': (2, 2)}]
Reward:
 [0, 0, 0, 0]
Done:
 False 
Info:
 {'result': <Result.Incomplete: 3>}
AKTION:
 [2, (5, 0, 7), 3, 0]
State:
 [{'alive': [10, 11, 12], 'board': array([[ 0,  0,  0,  0,  2,  5,  5,  5,  5,  5,  5],
       [10,  0,  0,  0,  2,  5,  5,  5,  5,  5,  5],
       [ 0,  0,  0,  1,  1,  5,  5,  5,  5,  5,  5],
       [ 0,  3,  1,  0,  1,  5,  5,  5,  5,  5,  5],
       [ 2,  2,  1,  1,  0,  5,  5,  5,  5,  5,  5],
       [ 0,  2,  0,  1,  2,  5,  5,  5,  5,  5,  5],
       [ 5,  5,  5,  5,  5,  5,  5,  5,  5,  5,  5],
       [ 5,  5,  5,  5,  5,  5,  5,  5,  5,  5,  5],
       [ 5,  5,  5,  5,  5,  5,  5,  5,  5,  5,  5],
       [ 5,  5,  5,  5,  5,  5,  5,  5,  5,  5,  5],
       [ 5,  5,  5,  5,  5,  5,  5,  5,  5,  5,  5]], dtype=uint8), 'bomb_blast_strength': array([[0., 0., 0., 0., 0., 0., 0., 0., 0., 0., 0.],
       [0., 0., 0., 0., 0., 0., 0., 0., 0., 0., 0.],
       [0., 0., 0., 0., 0., 0., 0., 0., 0., 0., 0.],
       [0., 3., 0., 0., 0., 0., 0., 0., 0., 0., 0.],
       [0., 0., 0., 0., 0., 0., 0., 0., 0., 0., 0.],
       [0., 0., 0., 0., 0., 0., 0., 0., 0., 0., 0.],
       [0., 0., 0., 0., 0., 0., 0., 0., 0., 0., 0.],
       [0., 0., 0., 0., 0., 0., 0., 0., 0., 0., 0.],
       [0., 0., 0., 0., 0., 0., 0., 0., 0., 0., 0.],
       [0., 0., 0., 0., 0., 0., 0., 0., 0., 0., 0.],
       [0., 0., 0., 0., 0., 0., 0., 0., 0., 0., 0.]]), 'bomb_life': array([[0., 0., 0., 0., 0., 0., 0., 0., 0., 0., 0.],
       [0., 0., 0., 0., 0., 0., 0., 0., 0., 0., 0.],
       [0., 0., 0., 0., 0., 0., 0., 0., 0., 0., 0.],
       [0., 3., 0., 0., 0., 0., 0., 0., 0., 0., 0.],
       [0., 0., 0., 0., 0., 0., 0., 0., 0., 0., 0.],
       [0., 0., 0., 0., 0., 0., 0., 0., 0., 0., 0.],
       [0., 0., 0., 0., 0., 0., 0., 0., 0., 0., 0.],
       [0., 0., 0., 0., 0., 0., 0., 0., 0., 0., 0.],
       [0., 0., 0., 0., 0., 0., 0., 0., 0., 0., 0.],
       [0., 0., 0., 0., 0., 0., 0., 0., 0., 0., 0.],
       [0., 0., 0., 0., 0., 0., 0., 0., 0., 0., 0.]]), 'bomb_moving_direction': array([[0., 0., 0., 0., 0., 0., 0., 0., 0., 0., 0.],
       [0., 0., 0., 0., 0., 0., 0., 0., 0., 0., 0.],
       [0., 0., 0., 0., 0., 0., 0., 0., 0., 0., 0.],
       [0., 0., 0., 0., 0., 0., 0., 0., 0., 0., 0.],
       [0., 0., 0., 0., 0., 0., 0., 0., 0., 0., 0.],
       [0., 0., 0., 0., 0., 0., 0., 0., 0., 0., 0.],
       [0., 0., 0., 0., 0., 0., 0., 0., 0., 0., 0.],
       [0., 0., 0., 0., 0., 0., 0., 0., 0., 0., 0.],
       [0., 0., 0., 0., 0., 0., 0., 0., 0., 0., 0.],
       [0., 0., 0., 0., 0., 0., 0., 0., 0., 0., 0.],
       [0., 0., 0., 0., 0., 0., 0., 0., 0., 0., 0.]]), 'flame_life': array([[0., 0., 0., 0., 0., 0., 0., 0., 0., 0., 0.],
       [0., 0., 0., 0., 0., 0., 0., 0., 0., 0., 0.],
       [0., 0., 0., 0., 0., 0., 0., 0., 0., 0., 0.],
       [0., 0., 0., 0., 0., 0., 0., 0., 0., 0., 0.],
       [0., 0., 0., 0., 0., 0., 0., 0., 0., 0., 0.],
       [0., 0., 0., 0., 0., 0., 0., 0., 0., 0., 0.],
       [0., 0., 0., 0., 0., 0., 0., 0., 0., 0., 0.],
       [0., 0., 0., 0., 0., 0., 0., 0., 0., 0., 0.],
       [0., 0., 0., 0., 0., 0., 0., 0., 0., 0., 0.],
       [0., 0., 0., 0., 0., 0., 0., 0., 0., 0., 0.],
       [0., 0., 0., 0., 0., 0., 0., 0., 0., 0., 0.]]), 'game_type': 3, 'game_env': 'pommerman.envs.v2:Pomme', 'position': (1, 0), 'blast_strength': 3, 'can_kick': False, 'teammate': <Item.Agent2: 12>, 'ammo': 0, 'enemies': [<Item.Agent1: 11>, <Item.Agent3: 13>, <Item.AgentDummy: 9>], 'step_count': 26, 'message': (0, 0)}, {'alive': [10, 11, 12], 'board': array([[ 5,  5,  5,  5,  5,  5,  5,  5,  5,  5, 
 5],
       [ 5,  5,  5,  5,  5,  5,  5,  5,  5,  5,  5],
       [ 5,  5,  5,  5,  5,  5,  5,  5,  5,  5,  5],
       [ 5,  5,  5,  5,  5,  5,  5,  5,  5,  5,  5],
       [ 5,  5,  5,  5,  5,  5,  5,  5,  5,  5,  5],
       [ 0,  2,  0,  1,  2,  0,  0,  5,  5,  5,  5],
       [ 0,  2,  0,  1,  1,  0,  0,  5,  5,  5,  5],
       [ 1,  0,  1,  2,  1,  2,  1,  5,  5,  5,  5],
       [ 0,  0,  0,  3,  2,  2,  2,  5,  5,  5,  5],
       [ 1,  0, 11,  0,  2,  2,  7,  5,  5,  5,  5],
       [ 1,  2,  2,  1,  1,  1,  1,  5,  5,  5,  5]], dtype=uint8), 'bomb_blast_strength': array([[0., 0., 0., 0., 0., 0., 0., 0., 0., 0., 0.],
       [0., 0., 0., 0., 0., 0., 0., 0., 0., 0., 0.],
       [0., 0., 0., 0., 0., 0., 0., 0., 0., 0., 0.],
       [0., 0., 0., 0., 0., 0., 0., 0., 0., 0., 0.],
       [0., 0., 0., 0., 0., 0., 0., 0., 0., 0., 0.],
       [0., 0., 0., 0., 0., 0., 0., 0., 0., 0., 0.],
       [0., 0., 0., 0., 0., 0., 0., 0., 0., 0., 0.],
       [0., 0., 0., 0., 0., 0., 0., 0., 0., 0., 0.],
       [0., 0., 0., 2., 0., 0., 0., 0., 0., 0., 0.],
       [0., 0., 0., 0., 0., 0., 0., 0., 0., 0., 0.],
       [0., 0., 0., 0., 0., 0., 0., 0., 0., 0., 0.]]), 'bomb_life': array([[0., 0., 0., 0., 0., 0., 0., 0., 0., 0., 0.],
       [0., 0., 0., 0., 0., 0., 0., 0., 0., 0., 0.],
       [0., 0., 0., 0., 0., 0., 0., 0., 0., 0., 0.],
       [0., 0., 0., 0., 0., 0., 0., 0., 0., 0., 0.],
       [0., 0., 0., 0., 0., 0., 0., 0., 0., 0., 0.],
       [0., 0., 0., 0., 0., 0., 0., 0., 0., 0., 0.],
       [0., 0., 0., 0., 0., 0., 0., 0., 0., 0., 0.],
       [0., 0., 0., 0., 0., 0., 0., 0., 0., 0., 0.],
       [0., 0., 0., 2., 0., 0., 0., 0., 0., 0., 0.],
       [0., 0., 0., 0., 0., 0., 0., 0., 0., 0., 0.],
       [0., 0., 0., 0., 0., 0., 0., 0., 0., 0., 0.]]), 'bomb_moving_direction': array([[0., 0., 0., 0., 0., 0., 0., 0., 0., 0., 0.],
       [0., 0., 0., 0., 0., 0., 0., 0., 0., 0., 0.],
       [0., 0., 0., 0., 0., 0., 0., 0., 0., 0., 0.],
       [0., 0., 0., 0., 0., 0., 0., 0., 0., 0., 0.],
       [0., 0., 0., 0., 0., 0., 0., 0., 0., 0., 0.],
       [0., 0., 0., 0., 0., 0., 0., 0., 0., 0., 0.],
       [0., 0., 0., 0., 0., 0., 0., 0., 0., 0., 0.],
       [0., 0., 0., 0., 0., 0., 0., 0., 0., 0., 0.],
       [0., 0., 0., 0., 0., 0., 0., 0., 0., 0., 0.],
       [0., 0., 0., 0., 0., 0., 0., 0., 0., 0., 0.],
       [0., 0., 0., 0., 0., 0., 0., 0., 0., 0., 0.]]), 'flame_life': array([[0., 0., 0., 0., 0., 0., 0., 0., 0., 0., 0.],
       [0., 0., 0., 0., 0., 0., 0., 0., 0., 0., 0.],
       [0., 0., 0., 0., 0., 0., 0., 0., 0., 0., 0.],
       [0., 0., 0., 0., 0., 0., 0., 0., 0., 0., 0.],
       [0., 0., 0., 0., 0., 0., 0., 0., 0., 0., 0.],
       [0., 0., 0., 0., 0., 0., 0., 0., 0., 0., 0.],
       [0., 0., 0., 0., 0., 0., 0., 0., 0., 0., 0.],
       [0., 0., 0., 0., 0., 0., 0., 0., 0., 0., 0.],
       [0., 0., 0., 0., 0., 0., 0., 0., 0., 0., 0.],
       [0., 0., 0., 0., 0., 0., 0., 0., 0., 0., 0.],
       [0., 0., 0., 0., 0., 0., 0., 0., 0., 0., 0.]]), 'game_type': 3, 'game_env': 'pommerman.envs.v2:Pomme', 'position': (9, 2), 'blast_strength': 2, 'can_kick': False, 'teammate': <Item.Agent3: 13>, 'ammo': 0, 'enemies': [<Item.Agent0: 10>, <Item.Agent2: 12>, <Item.AgentDummy: 9>], 'step_count': 26, 'message': (0, 0)}, {'alive': [10, 11, 12], 'board': array([[ 5,  5,  5,  5,  5,  5,  5,  5,  5,  5, 
 5],
       [ 5,  5,  5,  5,  5,  5,  5,  5,  5,  5,  5],
       [ 5,  5,  5,  5,  5,  5,  5,  5,  5,  5,  5],
       [ 5,  5,  5,  5,  1,  1,  1,  2,  0,  0,  1],
       [ 5,  5,  5,  5,  0,  2,  1,  1,  2,  2,  1],
       [ 5,  5,  5,  5,  2,  0,  0,  2,  2,  2,  1],
       [ 5,  5,  5,  5,  1,  0,  0,  1,  2,  2,  1],
       [ 5,  5,  5,  5,  1,  2,  1,  0, 12,  3,  2],
       [ 5,  5,  5,  5,  2,  2,  2,  0,  0,  0,  1],
       [ 5,  5,  5,  5,  2,  2,  7,  0,  0,  0,  1],
       [ 5,  5,  5,  5,  1,  1,  1,  8,  1,  1,  0]], dtype=uint8), 'bomb_blast_strength': array([[0., 0., 0., 0., 0., 0., 0., 0., 0., 0., 0.],
       [0., 0., 0., 0., 0., 0., 0., 0., 0., 0., 0.],
       [0., 0., 0., 0., 0., 0., 0., 0., 0., 0., 0.],
       [0., 0., 0., 0., 0., 0., 0., 0., 0., 0., 0.],
       [0., 0., 0., 0., 0., 0., 0., 0., 0., 0., 0.],
       [0., 0., 0., 0., 0., 0., 0., 0., 0., 0., 0.],
       [0., 0., 0., 0., 0., 0., 0., 0., 0., 0., 0.],
       [0., 0., 0., 0., 0., 0., 0., 0., 0., 2., 0.],
       [0., 0., 0., 0., 0., 0., 0., 0., 0., 0., 0.],
       [0., 0., 0., 0., 0., 0., 0., 0., 0., 0., 0.],
       [0., 0., 0., 0., 0., 0., 0., 0., 0., 0., 0.]]), 'bomb_life': array([[0., 0., 0., 0., 0., 0., 0., 0., 0., 0., 0.],
       [0., 0., 0., 0., 0., 0., 0., 0., 0., 0., 0.],
       [0., 0., 0., 0., 0., 0., 0., 0., 0., 0., 0.],
       [0., 0., 0., 0., 0., 0., 0., 0., 0., 0., 0.],
       [0., 0., 0., 0., 0., 0., 0., 0., 0., 0., 0.],
       [0., 0., 0., 0., 0., 0., 0., 0., 0., 0., 0.],
       [0., 0., 0., 0., 0., 0., 0., 0., 0., 0., 0.],
       [0., 0., 0., 0., 0., 0., 0., 0., 0., 8., 0.],
       [0., 0., 0., 0., 0., 0., 0., 0., 0., 0., 0.],
       [0., 0., 0., 0., 0., 0., 0., 0., 0., 0., 0.],
       [0., 0., 0., 0., 0., 0., 0., 0., 0., 0., 0.]]), 'bomb_moving_direction': array([[0., 0., 0., 0., 0., 0., 0., 0., 0., 0., 0.],
       [0., 0., 0., 0., 0., 0., 0., 0., 0., 0., 0.],
       [0., 0., 0., 0., 0., 0., 0., 0., 0., 0., 0.],
       [0., 0., 0., 0., 0., 0., 0., 0., 0., 0., 0.],
       [0., 0., 0., 0., 0., 0., 0., 0., 0., 0., 0.],
       [0., 0., 0., 0., 0., 0., 0., 0., 0., 0., 0.],
       [0., 0., 0., 0., 0., 0., 0., 0., 0., 0., 0.],
       [0., 0., 0., 0., 0., 0., 0., 0., 0., 0., 0.],
       [0., 0., 0., 0., 0., 0., 0., 0., 0., 0., 0.],
       [0., 0., 0., 0., 0., 0., 0., 0., 0., 0., 0.],
       [0., 0., 0., 0., 0., 0., 0., 0., 0., 0., 0.]]), 'flame_life': array([[0., 0., 0., 0., 0., 0., 0., 0., 0., 0., 0.],
       [0., 0., 0., 0., 0., 0., 0., 0., 0., 0., 0.],
       [0., 0., 0., 0., 0., 0., 0., 0., 0., 0., 0.],
       [0., 0., 0., 0., 0., 0., 0., 0., 0., 0., 0.],
       [0., 0., 0., 0., 0., 0., 0., 0., 0., 0., 0.],
       [0., 0., 0., 0., 0., 0., 0., 0., 0., 0., 0.],
       [0., 0., 0., 0., 0., 0., 0., 0., 0., 0., 0.],
       [0., 0., 0., 0., 0., 0., 0., 0., 0., 0., 0.],
       [0., 0., 0., 0., 0., 0., 0., 0., 0., 0., 0.],
       [0., 0., 0., 0., 0., 0., 0., 0., 0., 0., 0.],
       [0., 0., 0., 0., 0., 0., 0., 0., 0., 0., 0.]]), 'game_type': 3, 'game_env': 'pommerman.envs.v2:Pomme', 'position': (7, 8), 'blast_strength': 2, 'can_kick': False, 'teammate': <Item.Agent0: 10>, 'ammo': 0, 'enemies': [<Item.Agent1: 11>, <Item.Agent3: 13>, <Item.AgentDummy: 9>], 'step_count': 26, 'message': (0, 0)}, {'alive': [10, 11, 12], 'board': array([[5, 5, 5, 5, 2, 0, 0, 1, 0, 1, 1],       
       [5, 5, 5, 5, 2, 2, 2, 0, 0, 0, 2],
       [5, 5, 5, 5, 1, 0, 0, 1, 0, 0, 2],
       [5, 5, 5, 5, 1, 1, 1, 2, 0, 0, 1],
       [5, 5, 5, 5, 0, 2, 1, 1, 2, 2, 1],
       [5, 5, 5, 5, 2, 0, 0, 2, 2, 2, 1],
       [5, 5, 5, 5, 5, 5, 5, 5, 5, 5, 5],
       [5, 5, 5, 5, 5, 5, 5, 5, 5, 5, 5],
       [5, 5, 5, 5, 5, 5, 5, 5, 5, 5, 5],
       [5, 5, 5, 5, 5, 5, 5, 5, 5, 5, 5],
       [5, 5, 5, 5, 5, 5, 5, 5, 5, 5, 5]], dtype=uint8), 'bomb_blast_strength': array([[0., 0., 0., 0., 0., 0., 0., 0., 0., 0., 0.],
       [0., 0., 0., 0., 0., 0., 0., 0., 0., 0., 0.],
       [0., 0., 0., 0., 0., 0., 0., 0., 0., 0., 0.],
       [0., 0., 0., 0., 0., 0., 0., 0., 0., 0., 0.],
       [0., 0., 0., 0., 0., 0., 0., 0., 0., 0., 0.],
       [0., 0., 0., 0., 0., 0., 0., 0., 0., 0., 0.],
       [0., 0., 0., 0., 0., 0., 0., 0., 0., 0., 0.],
       [0., 0., 0., 0., 0., 0., 0., 0., 0., 0., 0.],
       [0., 0., 0., 0., 0., 0., 0., 0., 0., 0., 0.],
       [0., 0., 0., 0., 0., 0., 0., 0., 0., 0., 0.],
       [0., 0., 0., 0., 0., 0., 0., 0., 0., 0., 0.]]), 'bomb_life': array([[0., 0., 0., 0., 0., 0., 0., 0., 0., 0., 0.],
       [0., 0., 0., 0., 0., 0., 0., 0., 0., 0., 0.],
       [0., 0., 0., 0., 0., 0., 0., 0., 0., 0., 0.],
       [0., 0., 0., 0., 0., 0., 0., 0., 0., 0., 0.],
       [0., 0., 0., 0., 0., 0., 0., 0., 0., 0., 0.],
       [0., 0., 0., 0., 0., 0., 0., 0., 0., 0., 0.],
       [0., 0., 0., 0., 0., 0., 0., 0., 0., 0., 0.],
       [0., 0., 0., 0., 0., 0., 0., 0., 0., 0., 0.],
       [0., 0., 0., 0., 0., 0., 0., 0., 0., 0., 0.],
       [0., 0., 0., 0., 0., 0., 0., 0., 0., 0., 0.],
       [0., 0., 0., 0., 0., 0., 0., 0., 0., 0., 0.]]), 'bomb_moving_direction': array([[0., 0., 0., 0., 0., 0., 0., 0., 0., 0., 0.],
       [0., 0., 0., 0., 0., 0., 0., 0., 0., 0., 0.],
       [0., 0., 0., 0., 0., 0., 0., 0., 0., 0., 0.],
       [0., 0., 0., 0., 0., 0., 0., 0., 0., 0., 0.],
       [0., 0., 0., 0., 0., 0., 0., 0., 0., 0., 0.],
       [0., 0., 0., 0., 0., 0., 0., 0., 0., 0., 0.],
       [0., 0., 0., 0., 0., 0., 0., 0., 0., 0., 0.],
       [0., 0., 0., 0., 0., 0., 0., 0., 0., 0., 0.],
       [0., 0., 0., 0., 0., 0., 0., 0., 0., 0., 0.],
       [0., 0., 0., 0., 0., 0., 0., 0., 0., 0., 0.],
       [0., 0., 0., 0., 0., 0., 0., 0., 0., 0., 0.]]), 'flame_life': array([[0., 0., 0., 0., 0., 0., 0., 0., 0., 0., 0.],
       [0., 0., 0., 0., 0., 0., 0., 0., 0., 0., 0.],
       [0., 0., 0., 0., 0., 0., 0., 0., 0., 0., 0.],
       [0., 0., 0., 0., 0., 0., 0., 0., 0., 0., 0.],
       [0., 0., 0., 0., 0., 0., 0., 0., 0., 0., 0.],
       [0., 0., 0., 0., 0., 0., 0., 0., 0., 0., 0.],
       [0., 0., 0., 0., 0., 0., 0., 0., 0., 0., 0.],
       [0., 0., 0., 0., 0., 0., 0., 0., 0., 0., 0.],
       [0., 0., 0., 0., 0., 0., 0., 0., 0., 0., 0.],
       [0., 0., 0., 0., 0., 0., 0., 0., 0., 0., 0.],
       [0., 0., 0., 0., 0., 0., 0., 0., 0., 0., 0.]]), 'game_type': 3, 'game_env': 'pommerman.envs.v2:Pomme', 'position': (1, 8), 'blast_strength': 2, 'can_kick': False, 'teammate': <Item.Agent1: 11>, 'ammo': 1, 'enemies': [<Item.Agent0: 10>, <Item.Agent2: 12>, <Item.AgentDummy: 9>], 'step_count': 26, 'message': (0, 7)}] 
Reward:
 [0, 0, 0, 0]
Done:
 False
Info:
 {'result': <Result.Incomplete: 3>}
AKTION:
 [2, (5, 1, 7), 3, 0]
State:
 [{'alive': [10, 11, 12], 'board': array([[ 0,  0,  0,  0,  2,  5,  5,  5,  5,  5,  5],
       [ 0,  0,  0,  0,  2,  5,  5,  5,  5,  5,  5],
       [10,  0,  0,  1,  1,  5,  5,  5,  5,  5,  5],
       [ 0,  3,  1,  0,  1,  5,  5,  5,  5,  5,  5],
       [ 2,  2,  1,  1,  0,  5,  5,  5,  5,  5,  5],
       [ 0,  2,  0,  1,  2,  5,  5,  5,  5,  5,  5],
       [ 0,  2,  0,  1,  1,  5,  5,  5,  5,  5,  5],
       [ 5,  5,  5,  5,  5,  5,  5,  5,  5,  5,  5],
       [ 5,  5,  5,  5,  5,  5,  5,  5,  5,  5,  5],
       [ 5,  5,  5,  5,  5,  5,  5,  5,  5,  5,  5],
       [ 5,  5,  5,  5,  5,  5,  5,  5,  5,  5,  5]], dtype=uint8), 'bomb_blast_strength': array([[0., 0., 0., 0., 0., 0., 0., 0., 0., 0., 0.],
       [0., 0., 0., 0., 0., 0., 0., 0., 0., 0., 0.],
       [0., 0., 0., 0., 0., 0., 0., 0., 0., 0., 0.],
       [0., 3., 0., 0., 0., 0., 0., 0., 0., 0., 0.],
       [0., 0., 0., 0., 0., 0., 0., 0., 0., 0., 0.],
       [0., 0., 0., 0., 0., 0., 0., 0., 0., 0., 0.],
       [0., 0., 0., 0., 0., 0., 0., 0., 0., 0., 0.],
       [0., 0., 0., 0., 0., 0., 0., 0., 0., 0., 0.],
       [0., 0., 0., 0., 0., 0., 0., 0., 0., 0., 0.],
       [0., 0., 0., 0., 0., 0., 0., 0., 0., 0., 0.],
       [0., 0., 0., 0., 0., 0., 0., 0., 0., 0., 0.]]), 'bomb_life': array([[0., 0., 0., 0., 0., 0., 0., 0., 0., 0., 0.],
       [0., 0., 0., 0., 0., 0., 0., 0., 0., 0., 0.],
       [0., 0., 0., 0., 0., 0., 0., 0., 0., 0., 0.],
       [0., 2., 0., 0., 0., 0., 0., 0., 0., 0., 0.],
       [0., 0., 0., 0., 0., 0., 0., 0., 0., 0., 0.],
       [0., 0., 0., 0., 0., 0., 0., 0., 0., 0., 0.],
       [0., 0., 0., 0., 0., 0., 0., 0., 0., 0., 0.],
       [0., 0., 0., 0., 0., 0., 0., 0., 0., 0., 0.],
       [0., 0., 0., 0., 0., 0., 0., 0., 0., 0., 0.],
       [0., 0., 0., 0., 0., 0., 0., 0., 0., 0., 0.],
       [0., 0., 0., 0., 0., 0., 0., 0., 0., 0., 0.]]), 'bomb_moving_direction': array([[0., 0., 0., 0., 0., 0., 0., 0., 0., 0., 0.],
       [0., 0., 0., 0., 0., 0., 0., 0., 0., 0., 0.],
       [0., 0., 0., 0., 0., 0., 0., 0., 0., 0., 0.],
       [0., 0., 0., 0., 0., 0., 0., 0., 0., 0., 0.],
       [0., 0., 0., 0., 0., 0., 0., 0., 0., 0., 0.],
       [0., 0., 0., 0., 0., 0., 0., 0., 0., 0., 0.],
       [0., 0., 0., 0., 0., 0., 0., 0., 0., 0., 0.],
       [0., 0., 0., 0., 0., 0., 0., 0., 0., 0., 0.],
       [0., 0., 0., 0., 0., 0., 0., 0., 0., 0., 0.],
       [0., 0., 0., 0., 0., 0., 0., 0., 0., 0., 0.],
       [0., 0., 0., 0., 0., 0., 0., 0., 0., 0., 0.]]), 'flame_life': array([[0., 0., 0., 0., 0., 0., 0., 0., 0., 0., 0.],
       [0., 0., 0., 0., 0., 0., 0., 0., 0., 0., 0.],
       [0., 0., 0., 0., 0., 0., 0., 0., 0., 0., 0.],
       [0., 0., 0., 0., 0., 0., 0., 0., 0., 0., 0.],
       [0., 0., 0., 0., 0., 0., 0., 0., 0., 0., 0.],
       [0., 0., 0., 0., 0., 0., 0., 0., 0., 0., 0.],
       [0., 0., 0., 0., 0., 0., 0., 0., 0., 0., 0.],
       [0., 0., 0., 0., 0., 0., 0., 0., 0., 0., 0.],
       [0., 0., 0., 0., 0., 0., 0., 0., 0., 0., 0.],
       [0., 0., 0., 0., 0., 0., 0., 0., 0., 0., 0.],
       [0., 0., 0., 0., 0., 0., 0., 0., 0., 0., 0.]]), 'game_type': 3, 'game_env': 'pommerman.envs.v2:Pomme', 'position': (2, 0), 'blast_strength': 3, 'can_kick': False, 'teammate': <Item.Agent2: 12>, 'ammo': 0, 'enemies': [<Item.Agent1: 11>, <Item.Agent3: 13>, <Item.AgentDummy: 9>], 'step_count': 27, 'message': (0, 0)}, {'alive': [10, 11, 12], 'board': array([[ 5,  5,  5,  5,  5,  5,  5,  5,  5,  5, 
 5],
       [ 5,  5,  5,  5,  5,  5,  5,  5,  5,  5,  5],
       [ 5,  5,  5,  5,  5,  5,  5,  5,  5,  5,  5],
       [ 5,  5,  5,  5,  5,  5,  5,  5,  5,  5,  5],
       [ 5,  5,  5,  5,  5,  5,  5,  5,  5,  5,  5],
       [ 0,  2,  0,  1,  2,  0,  0,  5,  5,  5,  5],
       [ 0,  2,  0,  1,  1,  0,  0,  5,  5,  5,  5],
       [ 1,  0,  1,  2,  1,  2,  1,  5,  5,  5,  5],
       [ 0,  0,  0,  3,  2,  2,  2,  5,  5,  5,  5],
       [ 1,  0, 11,  0,  2,  2,  7,  5,  5,  5,  5],
       [ 1,  2,  2,  1,  1,  1,  1,  5,  5,  5,  5]], dtype=uint8), 'bomb_blast_strength': array([[0., 0., 0., 0., 0., 0., 0., 0., 0., 0., 0.],
       [0., 0., 0., 0., 0., 0., 0., 0., 0., 0., 0.],
       [0., 0., 0., 0., 0., 0., 0., 0., 0., 0., 0.],
       [0., 0., 0., 0., 0., 0., 0., 0., 0., 0., 0.],
       [0., 0., 0., 0., 0., 0., 0., 0., 0., 0., 0.],
       [0., 0., 0., 0., 0., 0., 0., 0., 0., 0., 0.],
       [0., 0., 0., 0., 0., 0., 0., 0., 0., 0., 0.],
       [0., 0., 0., 0., 0., 0., 0., 0., 0., 0., 0.],
       [0., 0., 0., 2., 0., 0., 0., 0., 0., 0., 0.],
       [0., 0., 0., 0., 0., 0., 0., 0., 0., 0., 0.],
       [0., 0., 0., 0., 0., 0., 0., 0., 0., 0., 0.]]), 'bomb_life': array([[0., 0., 0., 0., 0., 0., 0., 0., 0., 0., 0.],
       [0., 0., 0., 0., 0., 0., 0., 0., 0., 0., 0.],
       [0., 0., 0., 0., 0., 0., 0., 0., 0., 0., 0.],
       [0., 0., 0., 0., 0., 0., 0., 0., 0., 0., 0.],
       [0., 0., 0., 0., 0., 0., 0., 0., 0., 0., 0.],
       [0., 0., 0., 0., 0., 0., 0., 0., 0., 0., 0.],
       [0., 0., 0., 0., 0., 0., 0., 0., 0., 0., 0.],
       [0., 0., 0., 0., 0., 0., 0., 0., 0., 0., 0.],
       [0., 0., 0., 1., 0., 0., 0., 0., 0., 0., 0.],
       [0., 0., 0., 0., 0., 0., 0., 0., 0., 0., 0.],
       [0., 0., 0., 0., 0., 0., 0., 0., 0., 0., 0.]]), 'bomb_moving_direction': array([[0., 0., 0., 0., 0., 0., 0., 0., 0., 0., 0.],
       [0., 0., 0., 0., 0., 0., 0., 0., 0., 0., 0.],
       [0., 0., 0., 0., 0., 0., 0., 0., 0., 0., 0.],
       [0., 0., 0., 0., 0., 0., 0., 0., 0., 0., 0.],
       [0., 0., 0., 0., 0., 0., 0., 0., 0., 0., 0.],
       [0., 0., 0., 0., 0., 0., 0., 0., 0., 0., 0.],
       [0., 0., 0., 0., 0., 0., 0., 0., 0., 0., 0.],
       [0., 0., 0., 0., 0., 0., 0., 0., 0., 0., 0.],
       [0., 0., 0., 0., 0., 0., 0., 0., 0., 0., 0.],
       [0., 0., 0., 0., 0., 0., 0., 0., 0., 0., 0.],
       [0., 0., 0., 0., 0., 0., 0., 0., 0., 0., 0.]]), 'flame_life': array([[0., 0., 0., 0., 0., 0., 0., 0., 0., 0., 0.],
       [0., 0., 0., 0., 0., 0., 0., 0., 0., 0., 0.],
       [0., 0., 0., 0., 0., 0., 0., 0., 0., 0., 0.],
       [0., 0., 0., 0., 0., 0., 0., 0., 0., 0., 0.],
       [0., 0., 0., 0., 0., 0., 0., 0., 0., 0., 0.],
       [0., 0., 0., 0., 0., 0., 0., 0., 0., 0., 0.],
       [0., 0., 0., 0., 0., 0., 0., 0., 0., 0., 0.],
       [0., 0., 0., 0., 0., 0., 0., 0., 0., 0., 0.],
       [0., 0., 0., 0., 0., 0., 0., 0., 0., 0., 0.],
       [0., 0., 0., 0., 0., 0., 0., 0., 0., 0., 0.],
       [0., 0., 0., 0., 0., 0., 0., 0., 0., 0., 0.]]), 'game_type': 3, 'game_env': 'pommerman.envs.v2:Pomme', 'position': (9, 2), 'blast_strength': 2, 'can_kick': False, 'teammate': <Item.Agent3: 13>, 'ammo': 0, 'enemies': [<Item.Agent0: 10>, <Item.Agent2: 12>, <Item.AgentDummy: 9>], 'step_count': 27, 'message': (0, 0)}, {'alive': [10, 11, 12], 'board': array([[ 5,  5,  5,  5,  5,  5,  5,  5,  5,  5, 
 5],
       [ 5,  5,  5,  5,  5,  5,  5,  5,  5,  5,  5],
       [ 5,  5,  5,  5,  5,  5,  5,  5,  5,  5,  5],
       [ 5,  5,  5,  0,  1,  1,  1,  2,  0,  0,  1],
       [ 5,  5,  5,  1,  0,  2,  1,  1,  2,  2,  1],
       [ 5,  5,  5,  1,  2,  0,  0,  2,  2,  2,  1],
       [ 5,  5,  5,  1,  1,  0,  0,  1,  2,  2,  1],
       [ 5,  5,  5,  2,  1,  2,  1, 12,  0,  3,  2],
       [ 5,  5,  5,  3,  2,  2,  2,  0,  0,  0,  1],
       [ 5,  5,  5,  0,  2,  2,  7,  0,  0,  0,  1],
       [ 5,  5,  5,  1,  1,  1,  1,  8,  1,  1,  0]], dtype=uint8), 'bomb_blast_strength': array([[0., 0., 0., 0., 0., 0., 0., 0., 0., 0., 0.],
       [0., 0., 0., 0., 0., 0., 0., 0., 0., 0., 0.],
       [0., 0., 0., 0., 0., 0., 0., 0., 0., 0., 0.],
       [0., 0., 0., 0., 0., 0., 0., 0., 0., 0., 0.],
       [0., 0., 0., 0., 0., 0., 0., 0., 0., 0., 0.],
       [0., 0., 0., 0., 0., 0., 0., 0., 0., 0., 0.],
       [0., 0., 0., 0., 0., 0., 0., 0., 0., 0., 0.],
       [0., 0., 0., 0., 0., 0., 0., 0., 0., 2., 0.],
       [0., 0., 0., 2., 0., 0., 0., 0., 0., 0., 0.],
       [0., 0., 0., 0., 0., 0., 0., 0., 0., 0., 0.],
       [0., 0., 0., 0., 0., 0., 0., 0., 0., 0., 0.]]), 'bomb_life': array([[0., 0., 0., 0., 0., 0., 0., 0., 0., 0., 0.],
       [0., 0., 0., 0., 0., 0., 0., 0., 0., 0., 0.],
       [0., 0., 0., 0., 0., 0., 0., 0., 0., 0., 0.],
       [0., 0., 0., 0., 0., 0., 0., 0., 0., 0., 0.],
       [0., 0., 0., 0., 0., 0., 0., 0., 0., 0., 0.],
       [0., 0., 0., 0., 0., 0., 0., 0., 0., 0., 0.],
       [0., 0., 0., 0., 0., 0., 0., 0., 0., 0., 0.],
       [0., 0., 0., 0., 0., 0., 0., 0., 0., 7., 0.],
       [0., 0., 0., 1., 0., 0., 0., 0., 0., 0., 0.],
       [0., 0., 0., 0., 0., 0., 0., 0., 0., 0., 0.],
       [0., 0., 0., 0., 0., 0., 0., 0., 0., 0., 0.]]), 'bomb_moving_direction': array([[0., 0., 0., 0., 0., 0., 0., 0., 0., 0., 0.],
       [0., 0., 0., 0., 0., 0., 0., 0., 0., 0., 0.],
       [0., 0., 0., 0., 0., 0., 0., 0., 0., 0., 0.],
       [0., 0., 0., 0., 0., 0., 0., 0., 0., 0., 0.],
       [0., 0., 0., 0., 0., 0., 0., 0., 0., 0., 0.],
       [0., 0., 0., 0., 0., 0., 0., 0., 0., 0., 0.],
       [0., 0., 0., 0., 0., 0., 0., 0., 0., 0., 0.],
       [0., 0., 0., 0., 0., 0., 0., 0., 0., 0., 0.],
       [0., 0., 0., 0., 0., 0., 0., 0., 0., 0., 0.],
       [0., 0., 0., 0., 0., 0., 0., 0., 0., 0., 0.],
       [0., 0., 0., 0., 0., 0., 0., 0., 0., 0., 0.]]), 'flame_life': array([[0., 0., 0., 0., 0., 0., 0., 0., 0., 0., 0.],
       [0., 0., 0., 0., 0., 0., 0., 0., 0., 0., 0.],
       [0., 0., 0., 0., 0., 0., 0., 0., 0., 0., 0.],
       [0., 0., 0., 0., 0., 0., 0., 0., 0., 0., 0.],
       [0., 0., 0., 0., 0., 0., 0., 0., 0., 0., 0.],
       [0., 0., 0., 0., 0., 0., 0., 0., 0., 0., 0.],
       [0., 0., 0., 0., 0., 0., 0., 0., 0., 0., 0.],
       [0., 0., 0., 0., 0., 0., 0., 0., 0., 0., 0.],
       [0., 0., 0., 0., 0., 0., 0., 0., 0., 0., 0.],
       [0., 0., 0., 0., 0., 0., 0., 0., 0., 0., 0.],
       [0., 0., 0., 0., 0., 0., 0., 0., 0., 0., 0.]]), 'game_type': 3, 'game_env': 'pommerman.envs.v2:Pomme', 'position': (7, 7), 'blast_strength': 2, 'can_kick': False, 'teammate': <Item.Agent0: 10>, 'ammo': 0, 'enemies': [<Item.Agent1: 11>, <Item.Agent3: 13>, <Item.AgentDummy: 9>], 'step_count': 27, 'message': (0, 0)}, {'alive': [10, 11, 12], 'board': array([[5, 5, 5, 5, 2, 0, 0, 1, 0, 1, 1],       
       [5, 5, 5, 5, 2, 2, 2, 0, 0, 0, 2],
       [5, 5, 5, 5, 1, 0, 0, 1, 0, 0, 2],
       [5, 5, 5, 5, 1, 1, 1, 2, 0, 0, 1],
       [5, 5, 5, 5, 0, 2, 1, 1, 2, 2, 1],
       [5, 5, 5, 5, 2, 0, 0, 2, 2, 2, 1],
       [5, 5, 5, 5, 5, 5, 5, 5, 5, 5, 5],
       [5, 5, 5, 5, 5, 5, 5, 5, 5, 5, 5],
       [5, 5, 5, 5, 5, 5, 5, 5, 5, 5, 5],
       [5, 5, 5, 5, 5, 5, 5, 5, 5, 5, 5],
       [5, 5, 5, 5, 5, 5, 5, 5, 5, 5, 5]], dtype=uint8), 'bomb_blast_strength': array([[0., 0., 0., 0., 0., 0., 0., 0., 0., 0., 0.],
       [0., 0., 0., 0., 0., 0., 0., 0., 0., 0., 0.],
       [0., 0., 0., 0., 0., 0., 0., 0., 0., 0., 0.],
       [0., 0., 0., 0., 0., 0., 0., 0., 0., 0., 0.],
       [0., 0., 0., 0., 0., 0., 0., 0., 0., 0., 0.],
       [0., 0., 0., 0., 0., 0., 0., 0., 0., 0., 0.],
       [0., 0., 0., 0., 0., 0., 0., 0., 0., 0., 0.],
       [0., 0., 0., 0., 0., 0., 0., 0., 0., 0., 0.],
       [0., 0., 0., 0., 0., 0., 0., 0., 0., 0., 0.],
       [0., 0., 0., 0., 0., 0., 0., 0., 0., 0., 0.],
       [0., 0., 0., 0., 0., 0., 0., 0., 0., 0., 0.]]), 'bomb_life': array([[0., 0., 0., 0., 0., 0., 0., 0., 0., 0., 0.],
       [0., 0., 0., 0., 0., 0., 0., 0., 0., 0., 0.],
       [0., 0., 0., 0., 0., 0., 0., 0., 0., 0., 0.],
       [0., 0., 0., 0., 0., 0., 0., 0., 0., 0., 0.],
       [0., 0., 0., 0., 0., 0., 0., 0., 0., 0., 0.],
       [0., 0., 0., 0., 0., 0., 0., 0., 0., 0., 0.],
       [0., 0., 0., 0., 0., 0., 0., 0., 0., 0., 0.],
       [0., 0., 0., 0., 0., 0., 0., 0., 0., 0., 0.],
       [0., 0., 0., 0., 0., 0., 0., 0., 0., 0., 0.],
       [0., 0., 0., 0., 0., 0., 0., 0., 0., 0., 0.],
       [0., 0., 0., 0., 0., 0., 0., 0., 0., 0., 0.]]), 'bomb_moving_direction': array([[0., 0., 0., 0., 0., 0., 0., 0., 0., 0., 0.],
       [0., 0., 0., 0., 0., 0., 0., 0., 0., 0., 0.],
       [0., 0., 0., 0., 0., 0., 0., 0., 0., 0., 0.],
       [0., 0., 0., 0., 0., 0., 0., 0., 0., 0., 0.],
       [0., 0., 0., 0., 0., 0., 0., 0., 0., 0., 0.],
       [0., 0., 0., 0., 0., 0., 0., 0., 0., 0., 0.],
       [0., 0., 0., 0., 0., 0., 0., 0., 0., 0., 0.],
       [0., 0., 0., 0., 0., 0., 0., 0., 0., 0., 0.],
       [0., 0., 0., 0., 0., 0., 0., 0., 0., 0., 0.],
       [0., 0., 0., 0., 0., 0., 0., 0., 0., 0., 0.],
       [0., 0., 0., 0., 0., 0., 0., 0., 0., 0., 0.]]), 'flame_life': array([[0., 0., 0., 0., 0., 0., 0., 0., 0., 0., 0.],
       [0., 0., 0., 0., 0., 0., 0., 0., 0., 0., 0.],
       [0., 0., 0., 0., 0., 0., 0., 0., 0., 0., 0.],
       [0., 0., 0., 0., 0., 0., 0., 0., 0., 0., 0.],
       [0., 0., 0., 0., 0., 0., 0., 0., 0., 0., 0.],
       [0., 0., 0., 0., 0., 0., 0., 0., 0., 0., 0.],
       [0., 0., 0., 0., 0., 0., 0., 0., 0., 0., 0.],
       [0., 0., 0., 0., 0., 0., 0., 0., 0., 0., 0.],
       [0., 0., 0., 0., 0., 0., 0., 0., 0., 0., 0.],
       [0., 0., 0., 0., 0., 0., 0., 0., 0., 0., 0.],
       [0., 0., 0., 0., 0., 0., 0., 0., 0., 0., 0.]]), 'game_type': 3, 'game_env': 'pommerman.envs.v2:Pomme', 'position': (1, 8), 'blast_strength': 2, 'can_kick': False, 'teammate': <Item.Agent1: 11>, 'ammo': 1, 'enemies': [<Item.Agent0: 10>, <Item.Agent2: 12>, <Item.AgentDummy: 9>], 'step_count': 27, 'message': (1, 7)}] 
Reward:
 [0, 0, 0, 0]
Done:
 False
Info:
 {'result': <Result.Incomplete: 3>}
AKTION:
 [1, (0, 2, 2), 2, 0]
State:
 [{'alive': [10, 11, 12], 'board': array([[ 0,  0,  0,  0,  2,  5,  5,  5,  5,  5,  5],
       [10,  0,  0,  0,  2,  5,  5,  5,  5,  5,  5],
       [ 0,  0,  0,  1,  1,  5,  5,  5,  5,  5,  5],
       [ 0,  3,  1,  0,  1,  5,  5,  5,  5,  5,  5],
       [ 2,  2,  1,  1,  0,  5,  5,  5,  5,  5,  5],
       [ 0,  2,  0,  1,  2,  5,  5,  5,  5,  5,  5],
       [ 5,  5,  5,  5,  5,  5,  5,  5,  5,  5,  5],
       [ 5,  5,  5,  5,  5,  5,  5,  5,  5,  5,  5],
       [ 5,  5,  5,  5,  5,  5,  5,  5,  5,  5,  5],
       [ 5,  5,  5,  5,  5,  5,  5,  5,  5,  5,  5],
       [ 5,  5,  5,  5,  5,  5,  5,  5,  5,  5,  5]], dtype=uint8), 'bomb_blast_strength': array([[0., 0., 0., 0., 0., 0., 0., 0., 0., 0., 0.],
       [0., 0., 0., 0., 0., 0., 0., 0., 0., 0., 0.],
       [0., 0., 0., 0., 0., 0., 0., 0., 0., 0., 0.],
       [0., 3., 0., 0., 0., 0., 0., 0., 0., 0., 0.],
       [0., 0., 0., 0., 0., 0., 0., 0., 0., 0., 0.],
       [0., 0., 0., 0., 0., 0., 0., 0., 0., 0., 0.],
       [0., 0., 0., 0., 0., 0., 0., 0., 0., 0., 0.],
       [0., 0., 0., 0., 0., 0., 0., 0., 0., 0., 0.],
       [0., 0., 0., 0., 0., 0., 0., 0., 0., 0., 0.],
       [0., 0., 0., 0., 0., 0., 0., 0., 0., 0., 0.],
       [0., 0., 0., 0., 0., 0., 0., 0., 0., 0., 0.]]), 'bomb_life': array([[0., 0., 0., 0., 0., 0., 0., 0., 0., 0., 0.],
       [0., 0., 0., 0., 0., 0., 0., 0., 0., 0., 0.],
       [0., 0., 0., 0., 0., 0., 0., 0., 0., 0., 0.],
       [0., 1., 0., 0., 0., 0., 0., 0., 0., 0., 0.],
       [0., 0., 0., 0., 0., 0., 0., 0., 0., 0., 0.],
       [0., 0., 0., 0., 0., 0., 0., 0., 0., 0., 0.],
       [0., 0., 0., 0., 0., 0., 0., 0., 0., 0., 0.],
       [0., 0., 0., 0., 0., 0., 0., 0., 0., 0., 0.],
       [0., 0., 0., 0., 0., 0., 0., 0., 0., 0., 0.],
       [0., 0., 0., 0., 0., 0., 0., 0., 0., 0., 0.],
       [0., 0., 0., 0., 0., 0., 0., 0., 0., 0., 0.]]), 'bomb_moving_direction': array([[0., 0., 0., 0., 0., 0., 0., 0., 0., 0., 0.],
       [0., 0., 0., 0., 0., 0., 0., 0., 0., 0., 0.],
       [0., 0., 0., 0., 0., 0., 0., 0., 0., 0., 0.],
       [0., 0., 0., 0., 0., 0., 0., 0., 0., 0., 0.],
       [0., 0., 0., 0., 0., 0., 0., 0., 0., 0., 0.],
       [0., 0., 0., 0., 0., 0., 0., 0., 0., 0., 0.],
       [0., 0., 0., 0., 0., 0., 0., 0., 0., 0., 0.],
       [0., 0., 0., 0., 0., 0., 0., 0., 0., 0., 0.],
       [0., 0., 0., 0., 0., 0., 0., 0., 0., 0., 0.],
       [0., 0., 0., 0., 0., 0., 0., 0., 0., 0., 0.],
       [0., 0., 0., 0., 0., 0., 0., 0., 0., 0., 0.]]), 'flame_life': array([[0., 0., 0., 0., 0., 0., 0., 0., 0., 0., 0.],
       [0., 0., 0., 0., 0., 0., 0., 0., 0., 0., 0.],
       [0., 0., 0., 0., 0., 0., 0., 0., 0., 0., 0.],
       [0., 0., 0., 0., 0., 0., 0., 0., 0., 0., 0.],
       [0., 0., 0., 0., 0., 0., 0., 0., 0., 0., 0.],
       [0., 0., 0., 0., 0., 0., 0., 0., 0., 0., 0.],
       [0., 0., 0., 0., 0., 0., 0., 0., 0., 0., 0.],
       [0., 0., 0., 0., 0., 0., 0., 0., 0., 0., 0.],
       [0., 0., 0., 0., 0., 0., 0., 0., 0., 0., 0.],
       [0., 0., 0., 0., 0., 0., 0., 0., 0., 0., 0.],
       [0., 0., 0., 0., 0., 0., 0., 0., 0., 0., 0.]]), 'game_type': 3, 'game_env': 'pommerman.envs.v2:Pomme', 'position': (1, 0), 'blast_strength': 3, 'can_kick': False, 'teammate': <Item.Agent2: 12>, 'ammo': 0, 'enemies': [<Item.Agent1: 11>, <Item.Agent3: 13>, <Item.AgentDummy: 9>], 'step_count': 28, 'message': (0, 0)}, {'alive': [10, 11, 12], 'board': array([[ 5,  5,  5,  5,  5,  5,  5,  5,  5,  5, 
 5],
       [ 5,  5,  5,  5,  5,  5,  5,  5,  5,  5,  5],
       [ 5,  5,  5,  5,  5,  5,  5,  5,  5,  5,  5],
       [ 5,  5,  5,  5,  5,  5,  5,  5,  5,  5,  5],
       [ 5,  5,  5,  5,  5,  5,  5,  5,  5,  5,  5],
       [ 0,  2,  0,  1,  2,  0,  0,  5,  5,  5,  5],
       [ 0,  2,  0,  1,  1,  0,  0,  5,  5,  5,  5],
       [ 1,  0,  1,  4,  1,  2,  1,  5,  5,  5,  5],
       [ 0,  0,  4,  4,  4,  2,  2,  5,  5,  5,  5],
       [ 1,  0, 11,  4,  2,  2,  7,  5,  5,  5,  5],
       [ 1,  2,  2,  1,  1,  1,  1,  5,  5,  5,  5]], dtype=uint8), 'bomb_blast_strength': array([[0., 0., 0., 0., 0., 0., 0., 0., 0., 0., 0.],
       [0., 0., 0., 0., 0., 0., 0., 0., 0., 0., 0.],
       [0., 0., 0., 0., 0., 0., 0., 0., 0., 0., 0.],
       [0., 0., 0., 0., 0., 0., 0., 0., 0., 0., 0.],
       [0., 0., 0., 0., 0., 0., 0., 0., 0., 0., 0.],
       [0., 0., 0., 0., 0., 0., 0., 0., 0., 0., 0.],
       [0., 0., 0., 0., 0., 0., 0., 0., 0., 0., 0.],
       [0., 0., 0., 0., 0., 0., 0., 0., 0., 0., 0.],
       [0., 0., 0., 0., 0., 0., 0., 0., 0., 0., 0.],
       [0., 0., 0., 0., 0., 0., 0., 0., 0., 0., 0.],
       [0., 0., 0., 0., 0., 0., 0., 0., 0., 0., 0.]]), 'bomb_life': array([[0., 0., 0., 0., 0., 0., 0., 0., 0., 0., 0.],
       [0., 0., 0., 0., 0., 0., 0., 0., 0., 0., 0.],
       [0., 0., 0., 0., 0., 0., 0., 0., 0., 0., 0.],
       [0., 0., 0., 0., 0., 0., 0., 0., 0., 0., 0.],
       [0., 0., 0., 0., 0., 0., 0., 0., 0., 0., 0.],
       [0., 0., 0., 0., 0., 0., 0., 0., 0., 0., 0.],
       [0., 0., 0., 0., 0., 0., 0., 0., 0., 0., 0.],
       [0., 0., 0., 0., 0., 0., 0., 0., 0., 0., 0.],
       [0., 0., 0., 0., 0., 0., 0., 0., 0., 0., 0.],
       [0., 0., 0., 0., 0., 0., 0., 0., 0., 0., 0.],
       [0., 0., 0., 0., 0., 0., 0., 0., 0., 0., 0.]]), 'bomb_moving_direction': array([[0., 0., 0., 0., 0., 0., 0., 0., 0., 0., 0.],
       [0., 0., 0., 0., 0., 0., 0., 0., 0., 0., 0.],
       [0., 0., 0., 0., 0., 0., 0., 0., 0., 0., 0.],
       [0., 0., 0., 0., 0., 0., 0., 0., 0., 0., 0.],
       [0., 0., 0., 0., 0., 0., 0., 0., 0., 0., 0.],
       [0., 0., 0., 0., 0., 0., 0., 0., 0., 0., 0.],
       [0., 0., 0., 0., 0., 0., 0., 0., 0., 0., 0.],
       [0., 0., 0., 0., 0., 0., 0., 0., 0., 0., 0.],
       [0., 0., 0., 0., 0., 0., 0., 0., 0., 0., 0.],
       [0., 0., 0., 0., 0., 0., 0., 0., 0., 0., 0.],
       [0., 0., 0., 0., 0., 0., 0., 0., 0., 0., 0.]]), 'flame_life': array([[0., 0., 0., 0., 0., 0., 0., 0., 0., 0., 0.],
       [0., 0., 0., 0., 0., 0., 0., 0., 0., 0., 0.],
       [0., 0., 0., 0., 0., 0., 0., 0., 0., 0., 0.],
       [0., 0., 0., 0., 0., 0., 0., 0., 0., 0., 0.],
       [0., 0., 0., 0., 0., 0., 0., 0., 0., 0., 0.],
       [0., 0., 0., 0., 0., 0., 0., 0., 0., 0., 0.],
       [0., 0., 0., 0., 0., 0., 0., 0., 0., 0., 0.],
       [0., 0., 0., 3., 0., 0., 0., 0., 0., 0., 0.],
       [0., 0., 3., 3., 3., 0., 0., 0., 0., 0., 0.],
       [0., 0., 0., 3., 0., 0., 0., 0., 0., 0., 0.],
       [0., 0., 0., 0., 0., 0., 0., 0., 0., 0., 0.]]), 'game_type': 3, 'game_env': 'pommerman.envs.v2:Pomme', 'position': (9, 2), 'blast_strength': 2, 'can_kick': False, 'teammate': <Item.Agent3: 13>, 'ammo': 1, 'enemies': [<Item.Agent0: 10>, <Item.Agent2: 12>, <Item.AgentDummy: 9>], 'step_count': 28, 'message': (0, 0)}, {'alive': [10, 11, 12], 'board': array([[ 5,  5,  5,  5,  5,  5,  5,  5,  5,  5, 
 5],
       [ 5,  5,  5,  5,  5,  5,  5,  5,  5,  5,  5],
       [ 5,  5,  5,  5,  5,  5,  5,  5,  5,  5,  5],
       [ 5,  5,  5,  5,  5,  5,  5,  5,  5,  5,  5],
       [ 5,  5,  5,  1,  0,  2,  1,  1,  2,  2,  1],
       [ 5,  5,  5,  1,  2,  0,  0,  2,  2,  2,  1],
       [ 5,  5,  5,  1,  1,  0,  0,  1,  2,  2,  1],
       [ 5,  5,  5,  4,  1,  2,  1,  0,  0,  3,  2],
       [ 5,  5,  5,  4,  4,  2,  2, 12,  0,  0,  1],
       [ 5,  5,  5,  4,  2,  2,  7,  0,  0,  0,  1],
       [ 5,  5,  5,  1,  1,  1,  1,  8,  1,  1,  0]], dtype=uint8), 'bomb_blast_strength': array([[0., 0., 0., 0., 0., 0., 0., 0., 0., 0., 0.],
       [0., 0., 0., 0., 0., 0., 0., 0., 0., 0., 0.],
       [0., 0., 0., 0., 0., 0., 0., 0., 0., 0., 0.],
       [0., 0., 0., 0., 0., 0., 0., 0., 0., 0., 0.],
       [0., 0., 0., 0., 0., 0., 0., 0., 0., 0., 0.],
       [0., 0., 0., 0., 0., 0., 0., 0., 0., 0., 0.],
       [0., 0., 0., 0., 0., 0., 0., 0., 0., 0., 0.],
       [0., 0., 0., 0., 0., 0., 0., 0., 0., 2., 0.],
       [0., 0., 0., 0., 0., 0., 0., 0., 0., 0., 0.],
       [0., 0., 0., 0., 0., 0., 0., 0., 0., 0., 0.],
       [0., 0., 0., 0., 0., 0., 0., 0., 0., 0., 0.]]), 'bomb_life': array([[0., 0., 0., 0., 0., 0., 0., 0., 0., 0., 0.],
       [0., 0., 0., 0., 0., 0., 0., 0., 0., 0., 0.],
       [0., 0., 0., 0., 0., 0., 0., 0., 0., 0., 0.],
       [0., 0., 0., 0., 0., 0., 0., 0., 0., 0., 0.],
       [0., 0., 0., 0., 0., 0., 0., 0., 0., 0., 0.],
       [0., 0., 0., 0., 0., 0., 0., 0., 0., 0., 0.],
       [0., 0., 0., 0., 0., 0., 0., 0., 0., 0., 0.],
       [0., 0., 0., 0., 0., 0., 0., 0., 0., 6., 0.],
       [0., 0., 0., 0., 0., 0., 0., 0., 0., 0., 0.],
       [0., 0., 0., 0., 0., 0., 0., 0., 0., 0., 0.],
       [0., 0., 0., 0., 0., 0., 0., 0., 0., 0., 0.]]), 'bomb_moving_direction': array([[0., 0., 0., 0., 0., 0., 0., 0., 0., 0., 0.],
       [0., 0., 0., 0., 0., 0., 0., 0., 0., 0., 0.],
       [0., 0., 0., 0., 0., 0., 0., 0., 0., 0., 0.],
       [0., 0., 0., 0., 0., 0., 0., 0., 0., 0., 0.],
       [0., 0., 0., 0., 0., 0., 0., 0., 0., 0., 0.],
       [0., 0., 0., 0., 0., 0., 0., 0., 0., 0., 0.],
       [0., 0., 0., 0., 0., 0., 0., 0., 0., 0., 0.],
       [0., 0., 0., 0., 0., 0., 0., 0., 0., 0., 0.],
       [0., 0., 0., 0., 0., 0., 0., 0., 0., 0., 0.],
       [0., 0., 0., 0., 0., 0., 0., 0., 0., 0., 0.],
       [0., 0., 0., 0., 0., 0., 0., 0., 0., 0., 0.]]), 'flame_life': array([[0., 0., 0., 0., 0., 0., 0., 0., 0., 0., 0.],
       [0., 0., 0., 0., 0., 0., 0., 0., 0., 0., 0.],
       [0., 0., 0., 0., 0., 0., 0., 0., 0., 0., 0.],
       [0., 0., 0., 0., 0., 0., 0., 0., 0., 0., 0.],
       [0., 0., 0., 0., 0., 0., 0., 0., 0., 0., 0.],
       [0., 0., 0., 0., 0., 0., 0., 0., 0., 0., 0.],
       [0., 0., 0., 0., 0., 0., 0., 0., 0., 0., 0.],
       [0., 0., 0., 3., 0., 0., 0., 0., 0., 0., 0.],
       [0., 0., 0., 3., 3., 0., 0., 0., 0., 0., 0.],
       [0., 0., 0., 3., 0., 0., 0., 0., 0., 0., 0.],
       [0., 0., 0., 0., 0., 0., 0., 0., 0., 0., 0.]]), 'game_type': 3, 'game_env': 'pommerman.envs.v2:Pomme', 'position': (8, 7), 'blast_strength': 2, 'can_kick': False, 'teammate': <Item.Agent0: 10>, 'ammo': 0, 'enemies': [<Item.Agent1: 11>, <Item.Agent3: 13>, <Item.AgentDummy: 9>], 'step_count': 28, 'message': (0, 0)}, {'alive': [10, 11, 12], 'board': array([[5, 5, 5, 5, 2, 0, 0, 1, 0, 1, 1],       
       [5, 5, 5, 5, 2, 2, 2, 0, 0, 0, 2],
       [5, 5, 5, 5, 1, 0, 0, 1, 0, 0, 2],
       [5, 5, 5, 5, 1, 1, 1, 2, 0, 0, 1],
       [5, 5, 5, 5, 0, 2, 1, 1, 2, 2, 1],
       [5, 5, 5, 5, 2, 0, 0, 2, 2, 2, 1],
       [5, 5, 5, 5, 5, 5, 5, 5, 5, 5, 5],
       [5, 5, 5, 5, 5, 5, 5, 5, 5, 5, 5],
       [5, 5, 5, 5, 5, 5, 5, 5, 5, 5, 5],
       [5, 5, 5, 5, 5, 5, 5, 5, 5, 5, 5],
       [5, 5, 5, 5, 5, 5, 5, 5, 5, 5, 5]], dtype=uint8), 'bomb_blast_strength': array([[0., 0., 0., 0., 0., 0., 0., 0., 0., 0., 0.],
       [0., 0., 0., 0., 0., 0., 0., 0., 0., 0., 0.],
       [0., 0., 0., 0., 0., 0., 0., 0., 0., 0., 0.],
       [0., 0., 0., 0., 0., 0., 0., 0., 0., 0., 0.],
       [0., 0., 0., 0., 0., 0., 0., 0., 0., 0., 0.],
       [0., 0., 0., 0., 0., 0., 0., 0., 0., 0., 0.],
       [0., 0., 0., 0., 0., 0., 0., 0., 0., 0., 0.],
       [0., 0., 0., 0., 0., 0., 0., 0., 0., 0., 0.],
       [0., 0., 0., 0., 0., 0., 0., 0., 0., 0., 0.],
       [0., 0., 0., 0., 0., 0., 0., 0., 0., 0., 0.],
       [0., 0., 0., 0., 0., 0., 0., 0., 0., 0., 0.]]), 'bomb_life': array([[0., 0., 0., 0., 0., 0., 0., 0., 0., 0., 0.],
       [0., 0., 0., 0., 0., 0., 0., 0., 0., 0., 0.],
       [0., 0., 0., 0., 0., 0., 0., 0., 0., 0., 0.],
       [0., 0., 0., 0., 0., 0., 0., 0., 0., 0., 0.],
       [0., 0., 0., 0., 0., 0., 0., 0., 0., 0., 0.],
       [0., 0., 0., 0., 0., 0., 0., 0., 0., 0., 0.],
       [0., 0., 0., 0., 0., 0., 0., 0., 0., 0., 0.],
       [0., 0., 0., 0., 0., 0., 0., 0., 0., 0., 0.],
       [0., 0., 0., 0., 0., 0., 0., 0., 0., 0., 0.],
       [0., 0., 0., 0., 0., 0., 0., 0., 0., 0., 0.],
       [0., 0., 0., 0., 0., 0., 0., 0., 0., 0., 0.]]), 'bomb_moving_direction': array([[0., 0., 0., 0., 0., 0., 0., 0., 0., 0., 0.],
       [0., 0., 0., 0., 0., 0., 0., 0., 0., 0., 0.],
       [0., 0., 0., 0., 0., 0., 0., 0., 0., 0., 0.],
       [0., 0., 0., 0., 0., 0., 0., 0., 0., 0., 0.],
       [0., 0., 0., 0., 0., 0., 0., 0., 0., 0., 0.],
       [0., 0., 0., 0., 0., 0., 0., 0., 0., 0., 0.],
       [0., 0., 0., 0., 0., 0., 0., 0., 0., 0., 0.],
       [0., 0., 0., 0., 0., 0., 0., 0., 0., 0., 0.],
       [0., 0., 0., 0., 0., 0., 0., 0., 0., 0., 0.],
       [0., 0., 0., 0., 0., 0., 0., 0., 0., 0., 0.],
       [0., 0., 0., 0., 0., 0., 0., 0., 0., 0., 0.]]), 'flame_life': array([[0., 0., 0., 0., 0., 0., 0., 0., 0., 0., 0.],
       [0., 0., 0., 0., 0., 0., 0., 0., 0., 0., 0.],
       [0., 0., 0., 0., 0., 0., 0., 0., 0., 0., 0.],
       [0., 0., 0., 0., 0., 0., 0., 0., 0., 0., 0.],
       [0., 0., 0., 0., 0., 0., 0., 0., 0., 0., 0.],
       [0., 0., 0., 0., 0., 0., 0., 0., 0., 0., 0.],
       [0., 0., 0., 0., 0., 0., 0., 0., 0., 0., 0.],
       [0., 0., 0., 0., 0., 0., 0., 0., 0., 0., 0.],
       [0., 0., 0., 0., 0., 0., 0., 0., 0., 0., 0.],
       [0., 0., 0., 0., 0., 0., 0., 0., 0., 0., 0.],
       [0., 0., 0., 0., 0., 0., 0., 0., 0., 0., 0.]]), 'game_type': 3, 'game_env': 'pommerman.envs.v2:Pomme', 'position': (1, 8), 'blast_strength': 2, 'can_kick': False, 'teammate': <Item.Agent1: 11>, 'ammo': 1, 'enemies': [<Item.Agent0: 10>, <Item.Agent2: 12>, <Item.AgentDummy: 9>], 'step_count': 28, 'message': (2, 2)}] 
Reward:
 [0, 0, 0, 0]
Done:
 False
Info:
 {'result': <Result.Incomplete: 3>}
AKTION:
 [1, (3, 2, 7), 2, 0]
State:
 [{'alive': [10, 11, 12], 'board': array([[10,  0,  0,  0,  2,  5,  5,  5,  5,  5,  5],
       [ 0,  4,  0,  0,  2,  5,  5,  5,  5,  5,  5],
       [ 0,  4,  0,  1,  1,  5,  5,  5,  5,  5,  5],
       [ 4,  4,  1,  0,  1,  5,  5,  5,  5,  5,  5],
       [ 2,  4,  1,  1,  0,  5,  5,  5,  5,  5,  5],
       [ 5,  5,  5,  5,  5,  5,  5,  5,  5,  5,  5],
       [ 5,  5,  5,  5,  5,  5,  5,  5,  5,  5,  5],
       [ 5,  5,  5,  5,  5,  5,  5,  5,  5,  5,  5],
       [ 5,  5,  5,  5,  5,  5,  5,  5,  5,  5,  5],
       [ 5,  5,  5,  5,  5,  5,  5,  5,  5,  5,  5],
       [ 5,  5,  5,  5,  5,  5,  5,  5,  5,  5,  5]], dtype=uint8), 'bomb_blast_strength': array([[0., 0., 0., 0., 0., 0., 0., 0., 0., 0., 0.],
       [0., 0., 0., 0., 0., 0., 0., 0., 0., 0., 0.],
       [0., 0., 0., 0., 0., 0., 0., 0., 0., 0., 0.],
       [0., 0., 0., 0., 0., 0., 0., 0., 0., 0., 0.],
       [0., 0., 0., 0., 0., 0., 0., 0., 0., 0., 0.],
       [0., 0., 0., 0., 0., 0., 0., 0., 0., 0., 0.],
       [0., 0., 0., 0., 0., 0., 0., 0., 0., 0., 0.],
       [0., 0., 0., 0., 0., 0., 0., 0., 0., 0., 0.],
       [0., 0., 0., 0., 0., 0., 0., 0., 0., 0., 0.],
       [0., 0., 0., 0., 0., 0., 0., 0., 0., 0., 0.],
       [0., 0., 0., 0., 0., 0., 0., 0., 0., 0., 0.]]), 'bomb_life': array([[0., 0., 0., 0., 0., 0., 0., 0., 0., 0., 0.],
       [0., 0., 0., 0., 0., 0., 0., 0., 0., 0., 0.],
       [0., 0., 0., 0., 0., 0., 0., 0., 0., 0., 0.],
       [0., 0., 0., 0., 0., 0., 0., 0., 0., 0., 0.],
       [0., 0., 0., 0., 0., 0., 0., 0., 0., 0., 0.],
       [0., 0., 0., 0., 0., 0., 0., 0., 0., 0., 0.],
       [0., 0., 0., 0., 0., 0., 0., 0., 0., 0., 0.],
       [0., 0., 0., 0., 0., 0., 0., 0., 0., 0., 0.],
       [0., 0., 0., 0., 0., 0., 0., 0., 0., 0., 0.],
       [0., 0., 0., 0., 0., 0., 0., 0., 0., 0., 0.],
       [0., 0., 0., 0., 0., 0., 0., 0., 0., 0., 0.]]), 'bomb_moving_direction': array([[0., 0., 0., 0., 0., 0., 0., 0., 0., 0., 0.],
       [0., 0., 0., 0., 0., 0., 0., 0., 0., 0., 0.],
       [0., 0., 0., 0., 0., 0., 0., 0., 0., 0., 0.],
       [0., 0., 0., 0., 0., 0., 0., 0., 0., 0., 0.],
       [0., 0., 0., 0., 0., 0., 0., 0., 0., 0., 0.],
       [0., 0., 0., 0., 0., 0., 0., 0., 0., 0., 0.],
       [0., 0., 0., 0., 0., 0., 0., 0., 0., 0., 0.],
       [0., 0., 0., 0., 0., 0., 0., 0., 0., 0., 0.],
       [0., 0., 0., 0., 0., 0., 0., 0., 0., 0., 0.],
       [0., 0., 0., 0., 0., 0., 0., 0., 0., 0., 0.],
       [0., 0., 0., 0., 0., 0., 0., 0., 0., 0., 0.]]), 'flame_life': array([[0., 0., 0., 0., 0., 0., 0., 0., 0., 0., 0.],
       [0., 3., 0., 0., 0., 0., 0., 0., 0., 0., 0.],
       [0., 3., 0., 0., 0., 0., 0., 0., 0., 0., 0.],
       [3., 3., 0., 0., 0., 0., 0., 0., 0., 0., 0.],
       [0., 3., 0., 0., 0., 0., 0., 0., 0., 0., 0.],
       [0., 0., 0., 0., 0., 0., 0., 0., 0., 0., 0.],
       [0., 0., 0., 0., 0., 0., 0., 0., 0., 0., 0.],
       [0., 0., 0., 0., 0., 0., 0., 0., 0., 0., 0.],
       [0., 0., 0., 0., 0., 0., 0., 0., 0., 0., 0.],
       [0., 0., 0., 0., 0., 0., 0., 0., 0., 0., 0.],
       [0., 0., 0., 0., 0., 0., 0., 0., 0., 0., 0.]]), 'game_type': 3, 'game_env': 'pommerman.envs.v2:Pomme', 'position': (0, 0), 'blast_strength': 3, 'can_kick': False, 'teammate': <Item.Agent2: 12>, 'ammo': 1, 'enemies': [<Item.Agent1: 11>, <Item.Agent3: 13>, <Item.AgentDummy: 9>], 'step_count': 29, 'message': (0, 0)}, {'alive': [10, 11, 12], 'board': array([[ 5,  5,  5,  5,  5,  5,  5,  5,  5,  5, 
 5],
       [ 5,  5,  5,  5,  5,  5,  5,  5,  5,  5,  5],
       [ 5,  5,  5,  5,  5,  5,  5,  5,  5,  5,  5],
       [ 5,  5,  5,  5,  5,  5,  5,  5,  5,  5,  5],
       [ 5,  5,  5,  5,  5,  5,  5,  5,  5,  5,  5],
       [ 0,  2,  0,  1,  2,  0,  5,  5,  5,  5,  5],
       [ 0,  2,  0,  1,  1,  0,  5,  5,  5,  5,  5],
       [ 1,  0,  1,  4,  1,  2,  5,  5,  5,  5,  5],
       [ 0,  0,  4,  4,  4,  2,  5,  5,  5,  5,  5],
       [ 1, 11,  0,  4,  2,  2,  5,  5,  5,  5,  5],
       [ 1,  2,  2,  1,  1,  1,  5,  5,  5,  5,  5]], dtype=uint8), 'bomb_blast_strength': array([[0., 0., 0., 0., 0., 0., 0., 0., 0., 0., 0.],
       [0., 0., 0., 0., 0., 0., 0., 0., 0., 0., 0.],
       [0., 0., 0., 0., 0., 0., 0., 0., 0., 0., 0.],
       [0., 0., 0., 0., 0., 0., 0., 0., 0., 0., 0.],
       [0., 0., 0., 0., 0., 0., 0., 0., 0., 0., 0.],
       [0., 0., 0., 0., 0., 0., 0., 0., 0., 0., 0.],
       [0., 0., 0., 0., 0., 0., 0., 0., 0., 0., 0.],
       [0., 0., 0., 0., 0., 0., 0., 0., 0., 0., 0.],
       [0., 0., 0., 0., 0., 0., 0., 0., 0., 0., 0.],
       [0., 0., 0., 0., 0., 0., 0., 0., 0., 0., 0.],
       [0., 0., 0., 0., 0., 0., 0., 0., 0., 0., 0.]]), 'bomb_life': array([[0., 0., 0., 0., 0., 0., 0., 0., 0., 0., 0.],
       [0., 0., 0., 0., 0., 0., 0., 0., 0., 0., 0.],
       [0., 0., 0., 0., 0., 0., 0., 0., 0., 0., 0.],
       [0., 0., 0., 0., 0., 0., 0., 0., 0., 0., 0.],
       [0., 0., 0., 0., 0., 0., 0., 0., 0., 0., 0.],
       [0., 0., 0., 0., 0., 0., 0., 0., 0., 0., 0.],
       [0., 0., 0., 0., 0., 0., 0., 0., 0., 0., 0.],
       [0., 0., 0., 0., 0., 0., 0., 0., 0., 0., 0.],
       [0., 0., 0., 0., 0., 0., 0., 0., 0., 0., 0.],
       [0., 0., 0., 0., 0., 0., 0., 0., 0., 0., 0.],
       [0., 0., 0., 0., 0., 0., 0., 0., 0., 0., 0.]]), 'bomb_moving_direction': array([[0., 0., 0., 0., 0., 0., 0., 0., 0., 0., 0.],
       [0., 0., 0., 0., 0., 0., 0., 0., 0., 0., 0.],
       [0., 0., 0., 0., 0., 0., 0., 0., 0., 0., 0.],
       [0., 0., 0., 0., 0., 0., 0., 0., 0., 0., 0.],
       [0., 0., 0., 0., 0., 0., 0., 0., 0., 0., 0.],
       [0., 0., 0., 0., 0., 0., 0., 0., 0., 0., 0.],
       [0., 0., 0., 0., 0., 0., 0., 0., 0., 0., 0.],
       [0., 0., 0., 0., 0., 0., 0., 0., 0., 0., 0.],
       [0., 0., 0., 0., 0., 0., 0., 0., 0., 0., 0.],
       [0., 0., 0., 0., 0., 0., 0., 0., 0., 0., 0.],
       [0., 0., 0., 0., 0., 0., 0., 0., 0., 0., 0.]]), 'flame_life': array([[0., 0., 0., 0., 0., 0., 0., 0., 0., 0., 0.],
       [0., 0., 0., 0., 0., 0., 0., 0., 0., 0., 0.],
       [0., 0., 0., 0., 0., 0., 0., 0., 0., 0., 0.],
       [0., 0., 0., 0., 0., 0., 0., 0., 0., 0., 0.],
       [0., 0., 0., 0., 0., 0., 0., 0., 0., 0., 0.],
       [0., 0., 0., 0., 0., 0., 0., 0., 0., 0., 0.],
       [0., 0., 0., 0., 0., 0., 0., 0., 0., 0., 0.],
       [0., 0., 0., 2., 0., 0., 0., 0., 0., 0., 0.],
       [0., 0., 2., 2., 2., 0., 0., 0., 0., 0., 0.],
       [0., 0., 0., 2., 0., 0., 0., 0., 0., 0., 0.],
       [0., 0., 0., 0., 0., 0., 0., 0., 0., 0., 0.]]), 'game_type': 3, 'game_env': 'pommerman.envs.v2:Pomme', 'position': (9, 1), 'blast_strength': 2, 'can_kick': False, 'teammate': <Item.Agent3: 13>, 'ammo': 1, 'enemies': [<Item.Agent0: 10>, <Item.Agent2: 12>, <Item.AgentDummy: 9>], 'step_count': 29, 'message': (0, 0)}, {'alive': [10, 11, 12], 'board': array([[ 5,  5,  5,  5,  5,  5,  5,  5,  5,  5, 
 5],
       [ 5,  5,  5,  5,  5,  5,  5,  5,  5,  5,  5],
       [ 5,  5,  5,  5,  5,  5,  5,  5,  5,  5,  5],
       [ 5,  5,  5,  5,  5,  5,  5,  5,  5,  5,  5],
       [ 5,  5,  5,  5,  5,  5,  5,  5,  5,  5,  5],
       [ 5,  5,  5,  1,  2,  0,  0,  2,  2,  2,  1],
       [ 5,  5,  5,  1,  1,  0,  0,  1,  2,  2,  1],
       [ 5,  5,  5,  4,  1,  2,  1,  0,  0,  3,  2],
       [ 5,  5,  5,  4,  4,  2,  2,  0,  0,  0,  1],
       [ 5,  5,  5,  4,  2,  2,  7, 12,  0,  0,  1],
       [ 5,  5,  5,  1,  1,  1,  1,  8,  1,  1,  0]], dtype=uint8), 'bomb_blast_strength': array([[0., 0., 0., 0., 0., 0., 0., 0., 0., 0., 0.],
       [0., 0., 0., 0., 0., 0., 0., 0., 0., 0., 0.],
       [0., 0., 0., 0., 0., 0., 0., 0., 0., 0., 0.],
       [0., 0., 0., 0., 0., 0., 0., 0., 0., 0., 0.],
       [0., 0., 0., 0., 0., 0., 0., 0., 0., 0., 0.],
       [0., 0., 0., 0., 0., 0., 0., 0., 0., 0., 0.],
       [0., 0., 0., 0., 0., 0., 0., 0., 0., 0., 0.],
       [0., 0., 0., 0., 0., 0., 0., 0., 0., 2., 0.],
       [0., 0., 0., 0., 0., 0., 0., 0., 0., 0., 0.],
       [0., 0., 0., 0., 0., 0., 0., 0., 0., 0., 0.],
       [0., 0., 0., 0., 0., 0., 0., 0., 0., 0., 0.]]), 'bomb_life': array([[0., 0., 0., 0., 0., 0., 0., 0., 0., 0., 0.],
       [0., 0., 0., 0., 0., 0., 0., 0., 0., 0., 0.],
       [0., 0., 0., 0., 0., 0., 0., 0., 0., 0., 0.],
       [0., 0., 0., 0., 0., 0., 0., 0., 0., 0., 0.],
       [0., 0., 0., 0., 0., 0., 0., 0., 0., 0., 0.],
       [0., 0., 0., 0., 0., 0., 0., 0., 0., 0., 0.],
       [0., 0., 0., 0., 0., 0., 0., 0., 0., 0., 0.],
       [0., 0., 0., 0., 0., 0., 0., 0., 0., 5., 0.],
       [0., 0., 0., 0., 0., 0., 0., 0., 0., 0., 0.],
       [0., 0., 0., 0., 0., 0., 0., 0., 0., 0., 0.],
       [0., 0., 0., 0., 0., 0., 0., 0., 0., 0., 0.]]), 'bomb_moving_direction': array([[0., 0., 0., 0., 0., 0., 0., 0., 0., 0., 0.],
       [0., 0., 0., 0., 0., 0., 0., 0., 0., 0., 0.],
       [0., 0., 0., 0., 0., 0., 0., 0., 0., 0., 0.],
       [0., 0., 0., 0., 0., 0., 0., 0., 0., 0., 0.],
       [0., 0., 0., 0., 0., 0., 0., 0., 0., 0., 0.],
       [0., 0., 0., 0., 0., 0., 0., 0., 0., 0., 0.],
       [0., 0., 0., 0., 0., 0., 0., 0., 0., 0., 0.],
       [0., 0., 0., 0., 0., 0., 0., 0., 0., 0., 0.],
       [0., 0., 0., 0., 0., 0., 0., 0., 0., 0., 0.],
       [0., 0., 0., 0., 0., 0., 0., 0., 0., 0., 0.],
       [0., 0., 0., 0., 0., 0., 0., 0., 0., 0., 0.]]), 'flame_life': array([[0., 0., 0., 0., 0., 0., 0., 0., 0., 0., 0.],
       [0., 0., 0., 0., 0., 0., 0., 0., 0., 0., 0.],
       [0., 0., 0., 0., 0., 0., 0., 0., 0., 0., 0.],
       [0., 0., 0., 0., 0., 0., 0., 0., 0., 0., 0.],
       [0., 0., 0., 0., 0., 0., 0., 0., 0., 0., 0.],
       [0., 0., 0., 0., 0., 0., 0., 0., 0., 0., 0.],
       [0., 0., 0., 0., 0., 0., 0., 0., 0., 0., 0.],
       [0., 0., 0., 2., 0., 0., 0., 0., 0., 0., 0.],
       [0., 0., 0., 2., 2., 0., 0., 0., 0., 0., 0.],
       [0., 0., 0., 2., 0., 0., 0., 0., 0., 0., 0.],
       [0., 0., 0., 0., 0., 0., 0., 0., 0., 0., 0.]]), 'game_type': 3, 'game_env': 'pommerman.envs.v2:Pomme', 'position': (9, 7), 'blast_strength': 2, 'can_kick': False, 'teammate': <Item.Agent0: 10>, 'ammo': 0, 'enemies': [<Item.Agent1: 11>, <Item.Agent3: 13>, <Item.AgentDummy: 9>], 'step_count': 29, 'message': (0, 0)}, {'alive': [10, 11, 12], 'board': array([[5, 5, 5, 5, 2, 0, 0, 1, 0, 1, 1],       
       [5, 5, 5, 5, 2, 2, 2, 0, 0, 0, 2],
       [5, 5, 5, 5, 1, 0, 0, 1, 0, 0, 2],
       [5, 5, 5, 5, 1, 1, 1, 2, 0, 0, 1],
       [5, 5, 5, 5, 0, 2, 1, 1, 2, 2, 1],
       [5, 5, 5, 5, 2, 0, 0, 2, 2, 2, 1],
       [5, 5, 5, 5, 5, 5, 5, 5, 5, 5, 5],
       [5, 5, 5, 5, 5, 5, 5, 5, 5, 5, 5],
       [5, 5, 5, 5, 5, 5, 5, 5, 5, 5, 5],
       [5, 5, 5, 5, 5, 5, 5, 5, 5, 5, 5],
       [5, 5, 5, 5, 5, 5, 5, 5, 5, 5, 5]], dtype=uint8), 'bomb_blast_strength': array([[0., 0., 0., 0., 0., 0., 0., 0., 0., 0., 0.],
       [0., 0., 0., 0., 0., 0., 0., 0., 0., 0., 0.],
       [0., 0., 0., 0., 0., 0., 0., 0., 0., 0., 0.],
       [0., 0., 0., 0., 0., 0., 0., 0., 0., 0., 0.],
       [0., 0., 0., 0., 0., 0., 0., 0., 0., 0., 0.],
       [0., 0., 0., 0., 0., 0., 0., 0., 0., 0., 0.],
       [0., 0., 0., 0., 0., 0., 0., 0., 0., 0., 0.],
       [0., 0., 0., 0., 0., 0., 0., 0., 0., 0., 0.],
       [0., 0., 0., 0., 0., 0., 0., 0., 0., 0., 0.],
       [0., 0., 0., 0., 0., 0., 0., 0., 0., 0., 0.],
       [0., 0., 0., 0., 0., 0., 0., 0., 0., 0., 0.]]), 'bomb_life': array([[0., 0., 0., 0., 0., 0., 0., 0., 0., 0., 0.],
       [0., 0., 0., 0., 0., 0., 0., 0., 0., 0., 0.],
       [0., 0., 0., 0., 0., 0., 0., 0., 0., 0., 0.],
       [0., 0., 0., 0., 0., 0., 0., 0., 0., 0., 0.],
       [0., 0., 0., 0., 0., 0., 0., 0., 0., 0., 0.],
       [0., 0., 0., 0., 0., 0., 0., 0., 0., 0., 0.],
       [0., 0., 0., 0., 0., 0., 0., 0., 0., 0., 0.],
       [0., 0., 0., 0., 0., 0., 0., 0., 0., 0., 0.],
       [0., 0., 0., 0., 0., 0., 0., 0., 0., 0., 0.],
       [0., 0., 0., 0., 0., 0., 0., 0., 0., 0., 0.],
       [0., 0., 0., 0., 0., 0., 0., 0., 0., 0., 0.]]), 'bomb_moving_direction': array([[0., 0., 0., 0., 0., 0., 0., 0., 0., 0., 0.],
       [0., 0., 0., 0., 0., 0., 0., 0., 0., 0., 0.],
       [0., 0., 0., 0., 0., 0., 0., 0., 0., 0., 0.],
       [0., 0., 0., 0., 0., 0., 0., 0., 0., 0., 0.],
       [0., 0., 0., 0., 0., 0., 0., 0., 0., 0., 0.],
       [0., 0., 0., 0., 0., 0., 0., 0., 0., 0., 0.],
       [0., 0., 0., 0., 0., 0., 0., 0., 0., 0., 0.],
       [0., 0., 0., 0., 0., 0., 0., 0., 0., 0., 0.],
       [0., 0., 0., 0., 0., 0., 0., 0., 0., 0., 0.],
       [0., 0., 0., 0., 0., 0., 0., 0., 0., 0., 0.],
       [0., 0., 0., 0., 0., 0., 0., 0., 0., 0., 0.]]), 'flame_life': array([[0., 0., 0., 0., 0., 0., 0., 0., 0., 0., 0.],
       [0., 0., 0., 0., 0., 0., 0., 0., 0., 0., 0.],
       [0., 0., 0., 0., 0., 0., 0., 0., 0., 0., 0.],
       [0., 0., 0., 0., 0., 0., 0., 0., 0., 0., 0.],
       [0., 0., 0., 0., 0., 0., 0., 0., 0., 0., 0.],
       [0., 0., 0., 0., 0., 0., 0., 0., 0., 0., 0.],
       [0., 0., 0., 0., 0., 0., 0., 0., 0., 0., 0.],
       [0., 0., 0., 0., 0., 0., 0., 0., 0., 0., 0.],
       [0., 0., 0., 0., 0., 0., 0., 0., 0., 0., 0.],
       [0., 0., 0., 0., 0., 0., 0., 0., 0., 0., 0.],
       [0., 0., 0., 0., 0., 0., 0., 0., 0., 0., 0.]]), 'game_type': 3, 'game_env': 'pommerman.envs.v2:Pomme', 'position': (1, 8), 'blast_strength': 2, 'can_kick': False, 'teammate': <Item.Agent1: 11>, 'ammo': 1, 'enemies': [<Item.Agent0: 10>, <Item.Agent2: 12>, <Item.AgentDummy: 9>], 'step_count': 29, 'message': (2, 7)}] 